111111      100000000       0 胜
0111110     999983          1 活五
010111010   999983          2 活五
100111010   999983          3 活五
100111001   999983          4 活五
00111100    999983          5 活四
111110      94427          6 眠五
111101      94427          7 眠五
111011      94427          8 眠五
1111001     94427          9 眠五
1110011     94427          10 眠五
1110101     94427          11 眠五
1101101     94427          12 眠五
1011101     94427          13 眠五
1101011     94427          14 眠五
111100      94427          15 眠四
111001      94427          16 眠四
110011      94427          17 眠四
110101      94427          18 眠四
101101      94427          19 眠四
00111000    54667          20 活三
00110100    54667          21 活三
010110000   9539          22 朦胧三
100110000   9539          23 朦胧三
010011000   9539          24 朦胧三
010101000   9539          25 朦胧三
111000      4663          26 眠三
011100      4663          27 眠三
110100      4663          28 眠三
110010      4663          29 眠三
011010      4663          30 眠三
110001      4663          31 眠三
011001      4663          32 眠三
001101      4663          33 眠三
101010      4663          34 眠三
101001      4663          35 眠三
110000      997           36 眠二
011000      997           37 眠二
001100      997           38 眠二
101000      997           39 眠二
100100      997            40 眠二
010100      997            41 眠二
100010      997            42 眠二
010010      997            43 眠二
100001      997            44 眠二
00110000    4327           45 活二
00101000    4327           46 活二
00100100    4327           47 活二
00011000    4327           48 活二